3 MrBeast 166000000 28368841870 Entertainment MrBeast 741 United_States US Entertainment 48 1 1 1348000000 337000 5400000 4000000 64700000 8000000 2012 Feb 20 88.2 328239523 14.7 270663028 37.09024 -95.712891
10 Vlad_and_Niki 98900000 77180169894 Entertainment Vlad_and_Niki 574 United_States US Entertainment 8 5 6 580574000 145100 2300000 1700000 27900000 600000 2018 Apr 23 88.2 328239523 14.7 270663028 37.09024 -95.712891
37 Marshmello 56400000 14696003229 Entertainment Marshmello 436 United_States US Music 233 11 15 112100000 28000 448400 336300 5400000 100000 2015 Apr 6 88.2 328239523 14.7 270663028 37.09024 -95.712891
69 Like_Nastya_Show 42400000 19547696190 Entertainment Like_Nastya_Show 618 United_States US Entertainment 128 21 19 53202000 13300 212800 159600 2600000 nan 2017 Nov 14 88.2 328239523 14.7 270663028 37.09024 -95.712891
89 TheEllenShow 38200000 22756581750 Entertainment TheEllenShow 15672 United_States US Entertainment 93 26 26 21804000 5500 87200 65400 1000000 nan 2006 Nov 21 88.2 328239523 14.7 270663028 37.09024 -95.712891
93 Like_Nastya_ESP 37600000 18208196857 Entertainment Like_Nastya_ESP 743 United_States US Entertainment 145 29 28 321026000 80300 1300000 963100 15400000 700000 2017 Apr 22 88.2 328239523 14.7 270663028 37.09024 -95.712891
112 Ryan's_World 35200000 55299840198 Entertainment Ryan's_World 2453 United_States US Entertainment 15 35 32 238613000 59700 954500 715800 11500000 200000 2015 Mar 17 88.2 328239523 14.7 270663028 37.09024 -95.712891
146 DONA_ï¿½ï¿½ 31700000 21031745531 Entertainment DONA_ï¿½ï¿½ 166 United_States US Entertainment 110 41 42 153280000 38300 613100 459800 7400000 200000 2018 Apr 5 88.2 328239523 14.7 270663028 37.09024 -95.712891
148 Lucas_and_Marcus 31600000 11615848291 Entertainment Lucas_and_Marcus 1321 United_States US Entertainment 339 42 43 312099000 78000 1200000 936300 15000000 400000 2011 Jan 19 88.2 328239523 14.7 270663028 37.09024 -95.712891
163 Boram_Tube_Vlog_[ï¿½ï¿½ï¿½ï¿½ï¿½ï¿½ï¿½ï¿½ï¿ 30300000 13546549817 Entertainment Boram_Tube_Vlog_[ï¿½ï¿½ï¿½ï¿½ï¿½ï¿½ï¿½ï¿½ï¿ 223 United_States US Entertainment 269 47 47 22724000 5700 90900 68200 1100000 nan 2012 Feb 21 88.2 328239523 14.7 270663028 37.09024 -95.712891
176 Zhong 29200000 14727238483 Entertainment Zhong 1513 United_States US Entertainment 230 51 48 180519000 0 0 0 0 1000000 2015 Jan 19 88.2 328239523 14.7 270663028 37.09024 -95.712891
182 The_Late_Late_Show_with_James_Corden 28400000 9956764048 Entertainment The_Late_Late_Show_with_James_Corden 5809 United_States US Entertainment 445 53 49 26435000 6600 105700 79300 1300000 nan 2006 Nov 21 88.2 328239523 14.7 270663028 37.09024 -95.712891
208 Netflix 26700000 7173668905 Entertainment Netflix 6471 United_States US Entertainment 797 62 55 118226000 29600 472900 354700 5700000 200000 2012 Jul 17 88.2 328239523 14.7 270663028 37.09024 -95.712891
245 America's_Got_Talent 24800000 3699352704 Entertainment America's_Got_Talent 1894 United_States US Entertainment 2122 72 65 134412000 33600 537600 403200 6500000 400000 2006 Jun 29 88.2 328239523 14.7 270663028 37.09024 -95.712891
252 Like_Nastya_AE 24400000 12385924995 Entertainment Like_Nastya_AE 658 United_States US Entertainment 312 75 68 169865000 42500 679500 509600 8200000 400000 2018 Dec 19 88.2 328239523 14.7 270663028 37.09024 -95.712891
267 James_Charles 23900000 4067878931 Entertainment James_Charles 505 United_States US Entertainment 1860 79 73 58126000 14500 232500 174400 2800000 100000 2015 Dec 1 88.2 328239523 14.7 270663028 37.09024 -95.712891
268 Collins_Key 23900000 6582932625 Entertainment Collins_Key 257 United_States US Entertainment 911 79 73 10853000 2700 43400 32600 520900 nan 2011 Aug 9 88.2 328239523 14.7 270663028 37.09024 -95.712891
279 Logan_Paul 23600000 5994002464 Entertainment Logan_Paul 719 United_States US Entertainment 1057 82 75 10803000 2700 43200 32400 518600 nan 2015 Aug 29 88.2 328239523 14.7 270663028 37.09024 -95.712891
280 Maya_and_Mary 23600000 6766461070 Entertainment Maya_and_Mary 552 United_States US Entertainment 883 82 75 44542000 11100 178200 133600 2100000 400000 2013 Aug 30 88.2 328239523 14.7 270663028 37.09024 -95.712891
286 Sesame_Street 23300000 22471357411 Entertainment Sesame_Street 3657 United_States US Entertainment 99 83 78 124187000 31000 496700 372600 6000000 100000 2006 Jan 16 88.2 328239523 14.7 270663028 37.09024 -95.712891
318 Kinder_Spielzeug_Kanal_(Kidibli) 22200000 11136266461 Entertainment Kinder_Spielzeug_Kanal_(Kidibli) 999 United_States US Entertainment 370 92 86 139333000 34800 557300 418000 6700000 200000 2015 Sep 25 88.2 328239523 14.7 270663028 37.09024 -95.712891
336 Eva_Bravo_Play 21600000 9346383505 Entertainment Eva_Bravo_Play 228 United_States US Entertainment 507 96 90 63919000 16000 255700 191800 3100000 nan 2019 May 7 88.2 328239523 14.7 270663028 37.09024 -95.712891
346 Infinite 21300000 5141834668 Entertainment Infinite 1608 United_States US Entertainment 1296 98 93 68350000 17100 273400 205100 3300000 200000 2014 Aug 21 88.2 328239523 14.7 270663028 37.09024 -95.712891
353 nigahiga 21000000 4380564906 Entertainment nigahiga 403 United_States US Entertainment 1671 100 95 2476000 619 9900 7400 118900 nan 2006 Jul 21 88.2 328239523 14.7 270663028 37.09024 -95.712891
355 Lyrical_Lemonade 21000000 10631638628 Entertainment Lyrical_Lemonade 420 United_States US Entertainment 398 100 95 80062000 20000 320200 240200 3800000 100000 2013 Mar 25 88.2 328239523 14.7 270663028 37.09024 -95.712891
365 Yoeslan 20700000 17963202261 Entertainment Yoeslan 619 United_States US Entertainment 146 101 96 874796000 218700 3500000 2600000 42000000 1000000 2020 Sep 26 88.2 328239523 14.7 270663028 37.09024 -95.712891
375 Ninja_Kidz_TV 20500000 11009148579 Entertainment Ninja_Kidz_TV 296 United_States US Entertainment 377 104 99 195203000 48800 780800 585600 9400000 100000 2017 Feb 9 88.2 328239523 14.7 270663028 37.09024 -95.712891
392 CookieSwirlC 20100000 23353115850 Entertainment CookieSwirlC 3774 United_States US Games 86 108 28 221702000 55400 886800 665100 10600000 200000 2013 Nov 3 88.2 328239523 14.7 270663028 37.09024 -95.712891
399 Marvel_Entertainment 20100000 5634695322 Entertainment MarvelEntertainment 1 United_States US Film 4054962 6143 4024 63 0.02 0.25 0.19 3 30 2011 May 10 88.2 328239523 14.7 270663028 37.09024 -95.712891
401 REACT 20000000 13154314376 Entertainment REACT 4339 United_States US Entertainment 281 109 104 23206000 5800 92800 69600 1100000 nan 2007 Jun 4 88.2 328239523 14.7 270663028 37.09024 -95.712891
430 Jimmy_Kimmel_Live 19100000 13124645973 Entertainment Jimmy_Kimmel_Live 6526 United_States US Comedy 283 115 23 17243000 4300 69000 51700 827600 nan 2006 Sep 20 88.2 328239523 14.7 270663028 37.09024 -95.712891
461 PDK_Films 18400000 4120324310 Entertainment PDK_Films 111 United_States US Entertainment 1825 120 116 14430000 3600 57700 43300 692600 nan 2009 Jul 21 88.2 328239523 14.7 270663028 37.09024 -95.712891
467 Miley_Cyrus 18300000 7760819588 Entertainment Miley_Cyrus 142 United_States US Entertainment 696 121 117 127982000 32000 511900 383900 6100000 100000 2009 Sep 15 88.2 328239523 14.7 270663028 37.09024 -95.712891
472 Jake_Fellman 18100000 13378360425 Entertainment Jake_Fellman 420 United_States US Entertainment 274 122 118 497044000 124300 2000000 1500000 23900000 700000 2012 Oct 13 88.2 328239523 14.7 270663028 37.09024 -95.712891
480 And_TV 18000000 15412333005 Entertainment ANDtv 45 United_States US Entertainment 4012108 7627 6667 4 0 0.02 0.01 0.19 nan 2006 Aug 4 88.2 328239523 14.7 270663028 37.09024 -95.712891
539 EeOneGuy 16900000 3827906874 Entertainment EeOneGuy 366 United_States US Entertainment 2039 134 129 1635000 409 6500 4900 78500 nan 2013 Mar 19 88.2 328239523 14.7 270663028 37.09024 -95.712891
540 VICE 16900000 4609753237 Entertainment VICE 3900 United_States US Entertainment 1543 134 129 36357000 9100 145400 109100 1700000 100000 2005 Dec 16 88.2 328239523 14.7 270663028 37.09024 -95.712891
551 With_Kids[ï¿½ï¿½ï¿½ï¿½ï 16700000 8826138204 Entertainment With_Kids[ï¿½ï¿½ï¿½ï¿½ï 920 United_States US Entertainment 559 135 130 45698000 11400 182800 137100 2200000 100000 2012 Jul 6 88.2 328239523 14.7 270663028 37.09024 -95.712891
561 Jordan_Matter 16600000 5819508534 Entertainment Jordan_Matter 413 United_States US Entertainment 1088 136 132 199033000 49800 796100 597100 9600000 300000 2006 Dec 21 88.2 328239523 14.7 270663028 37.09024 -95.712891
562 ıııııııı_ıııııııııııııııııııııı 16500000 2440934034 Entertainment ıııııııı_ıııııııııııııııııııııı 421 United_States US Entertainment 3778 137 133 21953000 5500 87800 65900 1100000 200000 2014 Mar 9 88.2 328239523 14.7 270663028 37.09024 -95.712891
565 FunFun_Toy_Doll_TV 16500000 7406207930 Entertainment FunFun_Toy_Doll_TV 735 United_States US Entertainment 757 137 133 24378000 6100 97500 73100 1200000 nan 2016 May 31 88.2 328239523 14.7 270663028 37.09024 -95.712891
573 Matt_Stonie 16300000 3527627264 Entertainment MattStonie 54 United_States US Entertainment 283499 1874 1836 29735 7 119 89 1400 nan 2010 Jun 19 88.2 328239523 14.7 270663028 37.09024 -95.712891
583 Kids_Play 16200000 8091706232 Entertainment Kids_Play 593 United_States US Entertainment 636 140 136 25912000 6500 103600 77700 1200000 nan 2018 May 14 88.2 328239523 14.7 270663028 37.09024 -95.712891
597 Daily_Dose_Of_Internet 16100000 6872702790 Entertainment Daily_Dose_Of_Internet 671 United_States US Entertainment 851 140 136 399807000 100000 1600000 1200000 19200000 300000 2015 Jul 15 88.2 328239523 14.7 270663028 37.09024 -95.712891
600 Disney_Junior 16100000 15812009296 Entertainment Disney_Junior 4045 United_States US Entertainment 196 140 136 267131000 66800 1100000 801400 12800000 300000 2008 Apr 22 88.2 328239523 14.7 270663028 37.09024 -95.712891
623 Prime_Video_India 15700000 8696631898 Entertainment Prime_Video_India 7090 United_States US Entertainment 569 144 139 335111000 83800 1300000 1000000 16100000 1200000 2016 Oct 3 88.2 328239523 14.7 270663028 37.09024 -95.712891
637 Talking_Tom_&_Friends 15500000 6396049701 Entertainment Talking_Tom_&_Friends 417 United_States US Film 956 146 34 27375000 6800 109500 82100 1300000 nan 2010 Oct 14 88.2 328239523 14.7 270663028 37.09024 -95.712891
689 Ray_William_Johnson 15000000 10239836582 Entertainment Ray_William_Johnson 1803 United_States US Comedy 423 151 29 312858000 78200 1300000 938600 15000000 200000 2008 May 26 88.2 328239523 14.7 270663028 37.09024 -95.712891
696 ERB 14900000 4033400167 Entertainment ERB 86 United_States US Entertainment 1886 152 147 11043000 2800 44200 33100 530100 nan 2006 Feb 8 88.2 328239523 14.7 270663028 37.09024 -95.712891
716 Maha_Fun_Tv 14700000 1321380490 Entertainment Maha_Fun_Tv 85 United_States US Entertainment 8317 154 149 4781000 1200 19100 14300 229500 nan 2017 Sep 5 88.2 328239523 14.7 270663028 37.09024 -95.712891
718 The_Slow_Mo_Guys 14700000 2465473772 Entertainment The_Slow_Mo_Guys 317 United_States US Education 3746 154 36 18978000 4700 75900 56900 911000 nan 2010 Aug 15 88.2 328239523 14.7 270663028 37.09024 -95.712891
737 Like_Nastya_Stories 14500000 6944967581 Entertainment Like_Nastya_Stories 479 United_States US Entertainment 848 156 151 29941000 7500 119800 89800 1400000 nan 2019 Sep 9 88.2 328239523 14.7 270663028 37.09024 -95.712891
738 les_boys_tv2 14500000 4577292740 Entertainment les_boys_tv2 453 United_States US Film 1565 156 39 449576 112 1800 1300 21600 nan 2017 Feb 7 88.2 328239523 14.7 270663028 37.09024 -95.712891
741 Reaction_Time 14500000 4260187928 Entertainment Reaction_Time 1717 United_States US Entertainment 1747 156 151 9910000 2500 39600 29700 475700 nan 2015 Apr 25 88.2 328239523 14.7 270663028 37.09024 -95.712891
746 Telemundo 14500000 8582696157 Entertainment Telemundo 19201 United_States US Entertainment 592 156 151 48285000 12100 193100 144900 2300000 nan 2007 Jan 3 88.2 328239523 14.7 270663028 37.09024 -95.712891
782 DangMattSmith 14200000 3317805543 Entertainment DangMattSmith 1724 United_States US Entertainment 2485 159 154 12902000 3200 51600 38700 619300 nan 2011 Aug 18 88.2 328239523 14.7 270663028 37.09024 -95.712891
808 ADEL_et_SAMI 13900000 5465532801 Entertainment ADEL_et_SAMI 503 United_States US Entertainment 1200 161 157 26883000 6700 107500 80600 1300000 nan 2018 Mar 12 88.2 328239523 14.7 270663028 37.09024 -95.712891
814 Airrack 13800000 2224911030 Entertainment Airrack 173 United_States US Entertainment 4285 161 157 99654000 24900 398600 299000 4800000 300000 2015 Jan 3 88.2 328239523 14.7 270663028 37.09024 -95.712891
838 Saturday_Night_Live 13600000 14717282742 Entertainment Saturday_Night_Live 8335 United_States US Comedy 232 164 37 56626000 14200 226500 169900 2700000 nan 2013 Jul 23 88.2 328239523 14.7 270663028 37.09024 -95.712891
863 Matt_Steffanina 13300000 3299216601 Entertainment Matt_Steffanina 331 United_States US Entertainment 14275 692 694 1929000 482 7700 5800 92600 nan 2007 Nov 28 88.2 328239523 14.7 270663028 37.09024 -95.712891
865 Kurt_Hugo_Schneider 13300000 3733856870 Entertainment Kurt_Hugo_Schneider 698 United_States US Entertainment 2110 167 163 4233000 1100 16900 12700 203200 nan 2007 Oct 16 88.2 328239523 14.7 270663028 37.09024 -95.712891
866 Vogue 13300000 4177184071 Entertainment Vogue 3166 United_States US People 1789 167 54 45095000 11300 180400 135300 2200000 100000 2008 Jun 29 88.2 328239523 14.7 270663028 37.09024 -95.712891
875 HUBAï¿½ï¿½ 13200000 9884886099 Entertainment HUBAï¿½ï¿½ 538 United_States US Entertainment 454 167 163 319647000 79900 1300000 958900 15300000 500000 2021 Feb 20 88.2 328239523 14.7 270663028 37.09024 -95.712891
887 Ryan_Trahan 13100000 2182651464 Entertainment Ryan_Trahan 33 United_States US People 4051001 7683 7670 248 0.06 0.99 0.74 12 1 2022 Jun 27 88.2 328239523 14.7 270663028 37.09024 -95.712891
907 JesseAndMike 13000000 9999238237 Entertainment JesseAndMike 716 United_States US Entertainment 440 170 166 41109000 10300 164400 123300 2000000 nan 2007 Apr 29 88.2 328239523 14.7 270663028 37.09024 -95.712891
916 Top_Viral_Talent 12900000 3643698504 Entertainment Top_Viral_Talent 1598 United_States US Entertainment 2177 171 167 29379000 7300 117500 88100 1400000 100000 2014 Jan 2 88.2 328239523 14.7 270663028 37.09024 -95.712891
938 YoungBoy_Never_Broke_Again 12700000 13174393401 Entertainment YoungBoy_Never_Broke_Again 142 United_States US Music 279 173 147 169968000 42500 679900 509900 8200000 100000 2015 Jan 4 88.2 328239523 14.7 270663028 37.09024 -95.712891
950 People_Vs_Food 12500000 1136534702 Entertainment People_Vs_Food 601 United_States US Entertainment 9980 175 171 15340000 3800 61400 46000 736300 nan 2013 Jul 30 88.2 328239523 14.7 270663028 37.09024 -95.712891
