2 YouTube_Movies 170000000 0 Film_&_Animation youtubemovies 1 United_States US Games 4055159 7670 7423 12 0 0.05 0.04 0.58 nan 2006 Mar 5 88.2 328239523 14.7 270663028 37.09024 -95.712891
30 Movieclips 59500000 59316472754 Film_&_Animation Movieclips 39113 United_States US Film 11 9 3 114668000 28700 458700 344000 5500000 100000 2006 Apr 28 88.2 328239523 14.7 270663028 37.09024 -95.712891
124 Selena_Gomez 33600000 13013567335 Film_&_Animation Selena_Gomez 188 United_States US Music 288 38 43 115792000 28900 463200 347400 5600000 200000 2008 Feb 8 88.2 328239523 14.7 270663028 37.09024 -95.712891
199 Nick_Jr. 27300000 22440611155 Film_&_Animation Nick_Jr. 5438 United_States US Entertainment 100 59 51 42546000 10600 170200 127600 2000000 200000 2012 Sep 27 88.2 328239523 14.7 270663028 37.09024 -95.712891
300 Alan_Becker 22900000 5380073627 Film_&_Animation Alan_Becker 0 United_States US Games 4057944 7700 7453 nan 0 0 0 0 1 2006 Mar 21 88.2 328239523 14.7 270663028 37.09024 -95.712891
322 Ben_Azelart 21900000 4454917643 Film_&_Animation Ben_Azelart 301 United_States US Entertainment 1620 94 88 184946000 46200 739800 554800 8900000 500000 2014 Jun 5 88.2 328239523 14.7 270663028 37.09024 -95.712891
396 Pencilmation 20100000 11317309935 Film_&_Animation Pencilmation 1481 United_States US Entertainment 366 109 104 14862000 3700 59400 44600 713400 100000 2007 Feb 1 88.2 328239523 14.7 270663028 37.09024 -95.712891
412 Official_Pink_Panther 19700000 10955619815 Film_&_Animation OfficialPinkPanther 1 United_States US Games 4052414 7741 7494 nan 0 0 0 0 nan 2011 Oct 6 88.2 328239523 14.7 270663028 37.09024 -95.712891
418 DaFuq!?Boom! 19600000 7906181776 Film_&_Animation DaFuq!?Boom! 214 United_States US Entertainment 656 112 106 2304000000 576000 9200000 6900000 110600000 6700000 2016 Jun 6 88.2 328239523 14.7 270663028 37.09024 -95.712891
495 MSA_previously_My_Story_Animated 17800000 8588704539 Film_&_Animation MSA_Previously_My_Story_Animated 26 United_States US People 3976090 5208 4978 20708 5 83 62 994 2960 2021 Nov 9 88.2 328239523 14.7 270663028 37.09024 -95.712891
617 Rotten_Tomatoes_Trailers 15800000 13116313599 Film_&_Animation Rotten_Tomatoes_Trailers 10441 United_States US Film 285 143 32 25738000 6400 103000 77200 1200000 100000 2011 Apr 1 88.2 328239523 14.7 270663028 37.09024 -95.712891
805 Darkar_Company_Studios 13900000 2244318380 Film_&_Animation Darkar_Company_Studios 183 United_States US Comedy 4234 161 35 4598000 1100 18400 13800 220700 nan 2009 Feb 15 88.2 328239523 14.7 270663028 37.09024 -95.712891
